0.6205250596658711	0.981549815498155	0.5873417721518989	0.9119373776908024	0.6559999999999999	0.9176470588235294	
0.6176470588235294	0.8869936034115138	0.5912596401028278	0.8917197452229298	0.6149870801033592	0.921487603305785	
0.6520681265206812	0.9813664596273292	0.5315068493150685	0.8868778280542986	0.6375321336760925	0.9281045751633987	
0.6356968215158925	0.9823788546255507	0.5874439461883408	0.923076923076923	0.6752577319587629	0.9427917620137299	
0.6414141414141414	0.9882903981264637	0.728538283062645	0.9365853658536585	0.6751918158567775	0.9489051094890512	
0.6253101736972706	0.985	0.7380952380952381	0.9558441558441558	0.7052631578947368	0.9476439790575917	
0.6370370370370371	0.9695290858725762	0.7093596059113301	0.9523809523809523	0.7439353099730458	0.9608938547486032	
0.6337662337662338	0.9821428571428572	0.6583541147132169	0.9476923076923077	0.7486910994764397	0.9791044776119403	
0.64	0.9717868338557993	0.6551724137931035	0.945945945945946	0.7175572519083969	0.9837133550488599	
0.6666666666666666	0.9195402298850576	0.6586538461538461	0.9516728624535316	0.7493540051679587	0.9819494584837545	
0.6770025839793282	1.0	0.6570048309178744	0.8849557522123894	0.745	0.975609756097561	
0.6649616368286446	1.0	0.7125307125307125	0.9674418604651163	0.7424242424242424	0.9626168224299065	
0.6368715083798883	1.0	0.6413301662707839	0.8837209302325582	0.7178217821782178	0.945054945054945	
0.680965147453083	1.0	0.6584158415841584	0.9681528662420382	0.7376237623762376	0.948051948051948	
0.7146529562982005	1.0	0.6466165413533834	0.8852459016393442	0.739454094292804	0.9618320610687023	
0.609625668449198	0.9473684210526316	0.6630136986301369	0.8910891089108911	0.7562189054726368	0.962962962962963	
0.6327077747989277	1.0	0.6216216216216216	0.9047619047619047	0.7539267015706805	0.9302325581395349	
0.7121212121212123	1.0	0.717557251908397	0.7714285714285714	0.779220779220779	0.958904109589041	
0.6039886039886039	0.9655172413793104	0.7553191489361702	0.8235294117647058	0.7643979057591621	0.983050847457627	
0.5232558139534883	0.7567567567567568	0.7164948453608246	0.9545454545454545	0.775623268698061	0.8205128205128205	
0.7065527065527065	0.8333333333333334	0.6598465473145779	0.9090909090909091	0.7640449438202248	0.7142857142857143	
0.6946107784431138	0.9600000000000001	0.7407407407407408	1.0	0.7875354107648725	0.8181818181818181	
0.6807228915662651	1.0	0.6666666666666666	1.0	0.7818696883852692	0.8235294117647058	
0.6994535519125682	1.0	0.7031250000000001	1.0	0.7882352941176471	0.8571428571428571	
0.6303030303030304	1.0	0.629080118694362	1.0	0.7753846153846154	0.8333333333333333	
0.6399999999999999	1.0	0.7079646017699116	0.8	0.7875	0.8	
0.6188925081433225	1.0	0.6483180428134557	0.7499999999999999	0.8012422360248448	0.7499999999999999	
0.6690140845070424	1.0	0.728358208955224	1.0	0.7857142857142857	0.6666666666666666	
0.6105263157894737	0.8	0.697508896797153	1.0	0.7973421926910299	0.5	
0.7549668874172185	1.0	0.6493506493506493	1.0	0.8013698630136986	0.0	
0.6269841269841271	1.0	0.6868686868686869	0.0	0.7902097902097902	0.0	
0.642570281124498	0.0	0.7450980392156863	0.0	0.808664259927798	0.0	
0.5974025974025975	0.0	0.7385892116182573	0.0	0.787878787878788	0.0	
0.6893617021276596	0.0	0.7300380228136882	0.0	0.7881040892193307	0.0	
0.6355140186915887	0.0	0.6984126984126984	0.0	0.8181818181818181	0.0	
0.64	0.0	0.6499999999999999	0.0	0.8070175438596491	0.0	
0.6934673366834171	0.0	0.694560669456067	0.0	0.8036529680365297	0.0	
0.5828571428571429	0.0	0.736842105263158	0.0	0.7982062780269058	0.0	
0.7448979591836734	0.0	0.6980392156862745	0.0	0.8198198198198198	0.0	
0.8128342245989305	0.0	0.6759581881533101	0.0	0.8457711442786069	0.0	
0.8089887640449439	0.0	0.8262910798122066	0.0	0.8888888888888888	0.0	
0.8505747126436781	0.0	0.7256637168141592	0.0	0.8791208791208792	0.0	
0.8152866242038216	0.0	0.7596153846153846	0.0	0.9047619047619047	0.0	
0.8695652173913043	0.0	0.711111111111111	0.0	0.880503144654088	0.0	
0.8662420382165605	0.0	0.7955801104972376	0.0	0.9150326797385621	0.0	
0.728813559322034	0.0	0.7816091954022989	0.0	0.9066666666666667	0.0	
0.9117647058823529	0.0	0.7382550335570469	0.0	0.9379310344827586	0.0	
0.5714285714285715	0.0	0.8057553956834532	0.0	0.9242424242424243	0.0	
0.8750000000000001	0.0	0.7716535433070867	0.0	0.8870967741935485	0.0	
0.8983050847457625	0.0	0.7868852459016393	0.0	0.8702290076335879	0.0	
0.8275862068965516	0.0	0.8113207547169812	0.0	0.8153846153846155	0.0	
0.8543689320388349	0.0	0.6197183098591549	0.0	0.8376068376068375	0.0	
0.8113207547169811	0.0	0.6050420168067226	0.0	0.8035714285714285	0.0	
0.7578947368421053	0.0	0.6422018348623852	0.0	0.7678571428571428	0.0	
0.6126126126126126	0.0	0.5909090909090909	0.0	0.7884615384615385	0.0	
0.4958677685950413	0.0	0.5233644859813085	0.0	0.660377358490566	0.0	
0.5420560747663551	0.0	0.5409836065573771	0.0	0.7551020408163265	0.0	
0.419047619047619	0.0	0.8192771084337349	0.0	0.7954545454545454	0.0	
0.5904761904761905	0.0	0.6595744680851064	0.0	0.7857142857142858	0.0	
0.0	0.0	0.6666666666666666	0.0	0.775	0.0	
0.5420560747663552	0.0	0.5227272727272727	0.0	0.7073170731707317	0.0	
0.5294117647058824	0.0	0.6067415730337078	0.0	0.7397260273972603	0.0	
0.5154639175257731	0.0	0.6097560975609756	0.0	0.8620689655172413	0.0	
0.5	0.0	1.0	0.0	0.8070175438596492	0.0	
0.4827586206896552	0.0	1.0	0.0	0.8750000000000001	0.0	
0.46341463414634143	0.0	0.7999999999999999	0.0	0.8636363636363636	0.0	
0.4415584415584416	0.0	0.8095238095238095	0.0	0.9189189189189189	0.0	
0.4166666666666667	0.0	0.9375	0.0	0.9375	0.0	
0.3880597014925373	0.0	1.0	0.0	0.8387096774193548	0.0	
0.3548387096774193	0.0	0.625	0.0	0.88	0.0	
0.3157894736842105	0.0	1.0	0.0	0.782608695652174	0.0	
0.2692307692307693	0.0	1.0	0.0	0.6666666666666666	0.0	
0.21276595744680848	0.0	1.0	0.0	0.6666666666666666	0.0	
0.18181818181818182	0.0	1.0	0.0	0.5333333333333333	0.0	
0.14634146341463414	0.0	1.0	0.0	0.4615384615384615	0.0	
0.10526315789473684	0.0	1.0	0.0	0.4	0.0	
0.05714285714285715	0.0	1.0	0.0	0.25	0.0	
0.0	0.0	0.0	0.0	0.0	0.0	
0.0	0.0	0.0	0.0	0.0	0.0	
