2	0.03076923076923077	0.025362318840579712	0.16923076923076924	0.2717391304347826	0.14153846153846153	0.12681159420289856	
3	0.15384615384615385	0.0842911877394636	0.24307692307692308	0.23371647509578544	0.13230769230769232	0.06130268199233716	
4	0.1723076923076923	0.08536585365853659	0.2246153846153846	0.18292682926829268	0.1753846153846154	0.028455284552845527	
5	0.3292307692307692	0.05194805194805195	0.2123076923076923	0.14285714285714285	0.16615384615384615	0.017316017316017316	
6	0.28615384615384615	0.14351851851851852	0.2123076923076923	0.1388888888888889	0.20307692307692307	0.009259259259259259	
7	0.31076923076923074	0.15920398009950248	0.27384615384615385	0.13930348258706468	0.20307692307692307	0.024875621890547265	
8	0.24307692307692308	0.0967741935483871	0.3569230769230769	0.07526881720430108	0.23076923076923078	0.03225806451612903	
9	0.3353846153846154	0.14035087719298245	0.3230769230769231	0.03508771929824561	0.24	0.029239766081871343	
10	0.18153846153846154	0.07051282051282051	0.3076923076923077	0.07051282051282051	0.20923076923076922	0.07692307692307693	
11	0.21296296296296297	0.05673758865248227	0.2777777777777778	0.04964539007092199	0.21604938271604937	0.0851063829787234	
12	0.26006191950464397	0.07936507936507936	0.26625386996904027	0.07936507936507936	0.21362229102167182	0.0873015873015873	
13	0.2453416149068323	0.07207207207207207	0.32919254658385094	0.07207207207207207	0.21428571428571427	0.08108108108108109	
14	0.40809968847352024	0.03125	0.2585669781931464	0.052083333333333336	0.1806853582554517	0.08333333333333333	
15	0.19375	0.024691358024691357	0.271875	0.08641975308641975	0.159375	0.07407407407407407	
16	0.05642633228840126	0.0	0.3322884012539185	0.014705882352941176	0.18181818181818182	0.04411764705882353	
17	0.1320754716981132	0.0	0.34591194968553457	0.0	0.14779874213836477	0.03571428571428571	
18	0.07570977917981073	0.0	0.2555205047318612	0.0	0.138801261829653	0.021739130434782608	
19	0.11708860759493671	0.0	0.27848101265822783	0.0	0.12974683544303797	0.02631578947368421	
20	0.06666666666666667	0.0	0.2761904761904762	0.0	0.12380952380952381	0.0	
21	0.06369426751592357	0.0	0.28343949044585987	0.0	0.1592356687898089	0.0	
22	0.10223642172523961	0.0	0.22044728434504793	0.0	0.134185303514377	0.0	
23	0.09615384615384616	0.0	0.21153846153846154	0.0	0.13782051282051283	0.0	
24	0.10932475884244373	0.0	0.33762057877813506	0.0	0.15112540192926044	0.0	
25	0.1064516129032258	0.0	0.16774193548387098	0.0	0.11935483870967742	0.0	
26	0.19741100323624594	0.0	0.21035598705501618	0.0	0.15857605177993528	0.0	
27	0.19480519480519481	0.0	0.3246753246753247	0.0	0.16883116883116883	0.0	
28	0.27450980392156865	0.0	0.4084967320261438	0.0	0.23529411764705882	0.0	
29	0.3717105263157895	0.0	0.3125	0.0	0.23684210526315788	0.0	
30	0.3079470198675497	0.0	0.2814569536423841	0.0	0.23509933774834438	0.0	
31	0.33666666666666667	0.0	0.3433333333333333	0.0	0.24	0.0	
32	0.42953020134228187	0.0	0.5335570469798657	0.0	0.4161073825503356	0.0	
33	0.46621621621621623	0.0	0.49324324324324326	0.0	0.4527027027027027	0.0	
34	0.3877551020408163	0.0	0.48299319727891155	0.0	0.4387755102040816	0.0	
35	0.4726027397260274	0.0	0.4965753424657534	0.0	0.4383561643835616	0.0	
36	0.3	0.0	0.496551724137931	0.0	0.4896551724137931	0.0	
37	0.4930555555555556	0.0	0.4861111111111111	0.0	0.5138888888888888	0.0	
38	0.5384615384615384	0.0	0.486013986013986	0.0	0.541958041958042	0.0	
39	0.6232394366197183	0.0	0.6549295774647887	0.0	0.8133802816901409	0.0	
40	0.4574468085106383	0.0	0.6276595744680851	0.0	0.8475177304964538	0.0	
41	0.4946236559139785	0.0	0.6164874551971327	0.0	0.7885304659498208	0.0	
42	0.6666666666666666	0.0	0.6376811594202898	0.0	0.8152173913043478	0.0	
43	0.7316176470588235	0.0	0.6911764705882353	0.0	0.7536764705882353	0.0	
44	0.5261194029850746	0.0	0.4141791044776119	0.0	0.4664179104477612	0.0	
45	0.7386363636363636	0.0	0.4128787878787879	0.0	0.5151515151515151	0.0	
46	0.6692307692307692	0.0	0.3923076923076923	0.0	0.5230769230769231	0.0	
47	0.8125	0.0	0.5390625	0.0	0.5078125	0.0	
48	0.8055555555555556	0.0	0.32142857142857145	0.0	0.5753968253968254	0.0	
49	0.7056451612903226	0.0	0.2782258064516129	0.0	0.5685483870967742	0.0	
50	0.8401639344262295	0.0	0.319672131147541	0.0	0.5614754098360656	0.0	
51	0.7666666666666667	0.0	0.37083333333333335	0.0	0.5916666666666667	0.0	
52	0.8177966101694916	0.0	0.4491525423728814	0.0	0.6864406779661016	0.0	
53	0.7811158798283262	0.0	0.48068669527896996	0.0	0.8111587982832618	0.0	
54	0.8304347826086956	0.0	0.47391304347826085	0.0	0.8	0.0	
55	0.8678414096916299	0.0	0.5991189427312775	0.0	0.801762114537445	0.0	
56	0.84375	0.0	0.5625	0.0	0.8169642857142857	0.0	
57	0.8642533936651584	0.0	0.5927601809954751	0.0	0.8597285067873304	0.0	
58	0.8440366972477065	0.0	0.8990825688073395	0.0	0.8715596330275229	0.0	
59	0.8703703703703703	0.0	0.7037037037037037	0.0	0.9120370370370371	0.0	
60	0.8785046728971962	0.0	0.9112149532710281	0.0	0.9672897196261683	0.0	
61	0.8160377358490566	0.0	0.6792452830188679	0.0	0.9952830188679245	0.0	
62	0.8476190476190476	0.0	0.9904761904761905	0.0	1.0	0.0	
63	0.9230769230769231	0.0	0.9903846153846154	0.0	1.0	0.0	
64	0.8883495145631068	0.0	0.9902912621359223	0.0	1.0	0.0	
65	0.8872549019607843	0.0	0.9901960784313726	0.0	1.0	0.0	
66	0.8960396039603961	0.0	0.9900990099009901	0.0	0.995049504950495	0.0	
67	0.89	0.0	0.99	0.0	0.995	0.0	
68	0.7828282828282829	0.0	0.98989898989899	0.0	0.9848484848484849	0.0	
69	0.9132653061224489	0.0	0.9897959183673469	0.0	0.8316326530612245	0.0	
70	0.7628865979381443	0.0	0.7268041237113402	0.0	0.7164948453608248	0.0	
71	0.546875	0.0	0.0	0.0	0.0	0.0	
72	0.6210526315789474	0.0	0.0	0.0	0.0	0.0	
73	0.675531914893617	0.0	0.0	0.0	0.0	0.0	
74	0.553763440860215	0.0	0.0	0.0	0.0	0.0	
75	0.5	0.0	0.0	0.0	0.0	0.0	
76	0.4945054945054945	0.0	0.0	0.0	0.0	0.0	
77	0.3370165745856354	0.0	0.0	0.0	0.0	0.0	
78	0.45	0.0	0.0	0.0	0.0	0.0	
79	0.35195530726256985	0.0	0.0	0.0	0.0	0.0	
80	0.23595505617977527	0.0	0.0	0.0	0.0	0.0	
81	0.0847457627118644	0.0	0.0	0.0	0.0	0.0	
82	0.2727272727272727	0.0	0.0	0.0	0.0	0.0	
83	0.19428571428571428	0.0	0.0	0.0	0.0	0.0	
84	0.06857142857142857	0.0	0.0	0.0	0.0	0.0	
85	0.18285714285714286	0.0	0.0	0.0	0.0	0.0	
86	0.13714285714285715	0.0	0.0	0.0	0.0	0.0	
87	0.2571428571428571	0.0	0.0	0.0	0.0	0.0	
88	0.4342857142857143	0.0	0.0	0.0	0.0	0.0	
89	0.17714285714285713	0.0	0.0	0.0	0.0	0.0	
90	0.3275862068965517	0.0	0.0	0.0	0.0	0.0	
91	0.36627906976744184	0.0	0.0	0.0	0.0	0.0	
92	0.3352941176470588	0.0	0.0	0.0	0.0	0.0	
93	0.023809523809523808	0.0	0.0	0.0	0.0	0.0	
94	0.0	0.0	0.0	0.0	0.0	0.0	
