2	0.7415384615384616	0.0	0.5015384615384615	0.19736842105263158	0.5476923076923077	0.11842105263157894	
3	0.6153846153846154	0.18779342723004694	0.49538461538461537	0.2863849765258216	0.6030769230769231	0.15492957746478872	
4	0.5046153846153846	0.2474747474747475	0.49538461538461537	0.21717171717171718	0.5907692307692308	0.1717171717171717	
5	0.5938461538461538	0.41530054644808745	0.49846153846153846	0.366120218579235	0.5292307692307693	0.20765027322404372	
6	0.6461538461538462	0.44047619047619047	0.4123076923076923	0.2976190476190476	0.52	0.23809523809523808	
7	0.6276923076923077	0.46405228758169936	0.44	0.30718954248366015	0.4523076923076923	0.28104575163398693	
8	0.6338461538461538	0.47101449275362317	0.44	0.3333333333333333	0.4430769230769231	0.2753623188405797	
9	0.5323076923076923	0.5365853658536586	0.4369230769230769	0.3902439024390244	0.4123076923076923	0.24390243902439024	
10	0.5815384615384616	0.4722222222222222	0.4246153846153846	0.26851851851851855	0.4276923076923077	0.1574074074074074	
11	0.5895061728395061	0.5698924731182796	0.43209876543209874	0.26881720430107525	0.44753086419753085	0.16129032258064516	
12	0.5603715170278638	0.5769230769230769	0.43962848297213625	0.41025641025641024	0.4241486068111455	0.3333333333333333	
13	0.6118012422360248	0.5238095238095238	0.4720496894409938	0.42857142857142855	0.5186335403726708	0.5079365079365079	
14	0.5950155763239875	0.5306122448979592	0.4517133956386293	0.30612244897959184	0.5171339563862928	0.5102040816326531	
15	0.603125	0.45714285714285713	0.51875	0.11428571428571428	0.51875	0.4857142857142857	
16	0.6050156739811913	0.09523809523809523	0.5172413793103449	0.8095238095238095	0.5611285266457681	0.6190476190476191	
17	0.550314465408805	0.16666666666666666	0.610062893081761	0.25	0.559748427672956	0.16666666666666666	
18	0.5615141955835962	0.0	0.5741324921135647	0.16666666666666666	0.6309148264984227	0.0	
19	0.5949367088607594	0.0	0.5854430379746836	0.0	0.7183544303797469	0.0	
20	0.5936507936507937	0.0	0.7047619047619048	0.0	0.8	1.0	
21	0.6337579617834395	0.0	0.7579617834394905	0.0	0.7961783439490446	0.0	
22	0.6070287539936102	0.0	0.6549520766773163	0.0	0.8178913738019169	0.0	
23	0.6730769230769231	0.0	0.5576923076923077	0.0	0.7692307692307693	0.0	
24	0.6591639871382636	0.0	0.707395498392283	0.0	0.7491961414790996	0.0	
25	0.5870967741935483	0.0	0.6516129032258065	0.0	0.7580645161290323	0.0	
26	0.6601941747572816	0.0	0.6310679611650486	0.0	0.7928802588996764	0.0	
27	0.577922077922078	0.0	0.6136363636363636	0.0	0.7922077922077922	0.0	
28	0.5	0.0	0.6372549019607843	0.0	0.8202614379084967	0.0	
29	0.7203947368421053	0.0	0.680921052631579	0.0	0.8256578947368421	0.0	
30	0.7450331125827815	0.0	0.6059602649006622	0.0	0.8245033112582781	0.0	
31	0.7533333333333333	0.0	0.6066666666666667	0.0	0.81	0.0	
32	0.7684563758389261	0.0	0.7046979865771812	0.0	0.8355704697986577	0.0	
33	0.6959459459459459	0.0	0.6959459459459459	0.0	0.8243243243243243	0.0	
34	0.7142857142857143	0.0	0.6904761904761905	0.0	0.8469387755102041	0.0	
35	0.7226027397260274	0.0	0.7534246575342466	0.0	0.8356164383561644	0.0	
36	0.6862068965517242	0.0	0.8379310344827586	0.0	0.7965517241379311	0.0	
37	0.6909722222222222	0.0	0.8229166666666666	0.0	0.8229166666666666	0.0	
38	0.7832167832167832	0.0	0.7027972027972028	0.0	0.7692307692307693	0.0	
39	0.6936619718309859	0.0	0.6267605633802817	0.0	0.7640845070422535	0.0	
40	0.5709219858156028	0.0	0.5106382978723404	0.0	0.7056737588652482	0.0	
41	0.6630824372759857	0.0	0.48028673835125446	0.0	0.6989247311827957	0.0	
42	0.6159420289855072	0.0	0.6123188405797102	0.0	0.6413043478260869	0.0	
43	0.6286764705882353	0.0	0.5330882352941176	0.0	0.6470588235294118	0.0	
44	0.7014925373134329	0.0	0.4962686567164179	0.0	0.5298507462686567	0.0	
45	0.6174242424242424	0.0	0.3787878787878788	0.0	0.5340909090909091	0.0	
46	0.46923076923076923	0.0	0.4807692307692308	0.0	0.4576923076923077	0.0	
47	0.60546875	0.0	0.40625	0.0	0.42578125	0.0	
48	0.5793650793650794	0.0	0.5198412698412699	0.0	0.4007936507936508	0.0	
49	0.6048387096774194	0.0	0.4153225806451613	0.0	0.3629032258064516	0.0	
50	0.5901639344262295	0.0	0.3442622950819672	0.0	0.30327868852459017	0.0	
51	0.5291666666666667	0.0	0.225	0.0	0.32083333333333336	0.0	
52	0.5466101694915254	0.0	0.24152542372881355	0.0	0.3093220338983051	0.0	
53	0.6094420600858369	0.0	0.2832618025751073	0.0	0.3090128755364807	0.0	
54	0.4826086956521739	0.0	0.2782608695652174	0.0	0.3173913043478261	0.0	
55	0.5594713656387665	0.0	0.3524229074889868	0.0	0.29515418502202645	0.0	
56	0.5	0.0	0.39285714285714285	0.0	0.25892857142857145	0.0	
57	0.583710407239819	0.0	0.31221719457013575	0.0	0.29411764705882354	0.0	
58	0.6330275229357798	0.0	0.22935779816513763	0.0	0.2706422018348624	0.0	
59	0.6388888888888888	0.0	0.32407407407407407	0.0	0.24537037037037038	0.0	
60	0.6588785046728972	0.0	0.2570093457943925	0.0	0.2383177570093458	0.0	
61	0.4858490566037736	0.0	0.36792452830188677	0.0	0.2358490566037736	0.0	
62	0.6619047619047619	0.0	0.3380952380952381	0.0	0.22857142857142856	0.0	
63	0.7596153846153846	0.0	0.5336538461538461	0.0	0.2548076923076923	0.0	
64	0.6213592233009708	0.0	0.529126213592233	0.0	0.21844660194174756	0.0	
65	0.7401960784313726	0.0	0.37745098039215685	0.0	0.35784313725490197	0.0	
66	0.7029702970297029	0.0	0.5297029702970297	0.0	0.5396039603960396	0.0	
67	0.675	0.0	0.58	0.0	0.54	0.0	
68	0.6767676767676768	0.0	0.3787878787878788	0.0	0.5707070707070707	0.0	
69	0.6122448979591837	0.0	0.6326530612244898	0.0	0.6020408163265306	0.0	
70	0.7371134020618557	0.0	0.38144329896907214	0.0	0.5670103092783505	0.0	
71	0.7291666666666666	0.0	0.5885416666666666	0.0	0.5729166666666666	0.0	
72	0.6842105263157895	0.0	0.5736842105263158	0.0	0.5894736842105263	0.0	
73	0.6861702127659575	0.0	0.574468085106383	0.0	0.601063829787234	0.0	
74	0.6612903225806451	0.0	0.6397849462365591	0.0	0.5806451612903226	0.0	
75	0.6630434782608695	0.0	0.6521739130434783	0.0	0.5380434782608695	0.0	
76	0.6153846153846154	0.0	0.532967032967033	0.0	0.532967032967033	0.0	
77	0.6795580110497238	0.0	0.6298342541436464	0.0	0.40331491712707185	0.0	
78	0.6888888888888889	0.0	0.4444444444444444	0.0	0.32222222222222224	0.0	
79	0.6536312849162011	0.0	0.6759776536312849	0.0	0.27932960893854747	0.0	
80	0.651685393258427	0.0	0.6348314606741573	0.0	0.2640449438202247	0.0	
81	0.6666666666666666	0.0	0.4632768361581921	0.0	0.20903954802259886	0.0	
82	0.5113636363636364	0.0	0.19318181818181818	0.0	0.16477272727272727	0.0	
83	0.6171428571428571	0.0	0.09714285714285714	0.0	0.14285714285714285	0.0	
84	0.5485714285714286	0.0	0.17142857142857143	0.0	0.15428571428571428	0.0	
85	0.5428571428571428	0.0	0.19428571428571428	0.0	0.16	0.0	
86	0.56	0.0	0.18857142857142858	0.0	0.1657142857142857	0.0	
87	0.6057142857142858	0.0	0.25142857142857145	0.0	0.16	0.0	
88	0.5885714285714285	0.0	0.25142857142857145	0.0	0.17714285714285713	0.0	
89	0.6285714285714286	0.0	0.22285714285714286	0.0	0.17714285714285713	0.0	
90	0.5172413793103449	0.0	0.21264367816091953	0.0	0.1781609195402299	0.0	
91	0.5348837209302325	0.0	0.1511627906976744	0.0	0.1569767441860465	0.0	
92	0.5470588235294118	0.0	0.1411764705882353	0.0	0.14705882352941177	0.0	
93	0.5416666666666666	0.0	0.13095238095238096	0.0	0.13095238095238096	0.0	
94	0.42168674698795183	0.0	0.12048192771084337	0.0	0.09036144578313253	0.0	
95	0.43902439024390244	0.0	0.10975609756097561	0.0	0.07317073170731707	0.0	
96	0.4876543209876543	0.0	0.09876543209876543	0.0	0.04938271604938271	0.0	
97	0.40625	0.0	0.09375	0.0	0.0	0.0	
98	0.3670886075949367	0.0	0.10126582278481013	0.0	0.0	0.0	
99	0.0	0.0	0.0	0.0	0.0	0.0	
